darkgreen = {0.0, 0.45882352941176, 0.17254901960784}
darkgray = {0.31372549019608, 0.31372549019608, 0.31372549019608}
offwhite = {0.96078431372549, 0.96078431372549, 0.96078431372549}
gray = {0.50980392156863, 0.50980392156863, 0.50980392156863}
red = {0.90196078431373, 0.16078431372549, 0.2156862745098}
darkpurple = {0.43921568627451, 0.12156862745098, 0.49411764705882}
violet = {0.52941176470588, 0.23529411764706, 0.74509803921569}
darkblue = {0.0, 0.32156862745098, 0.67450980392157}
maroon = {0.74509803921569, 0.12941176470588, 0.2156862745098}
gold = {1.0, 0.79607843137255, 0.0}
skyblue = {0.4, 0.74901960784314, 1.0}
lightgray = {0.7843137254902, 0.7843137254902, 0.7843137254902}
yellow = {0.9921568627451, 0.97647058823529, 0.0}
black = {0.0, 0.0, 0.0}
purple = {0.7843137254902, 0.47843137254902, 1.0}
magenta = {1.0, 0.0, 1.0}
blank = {0.0, 0.0, 0.0}
beige = {0.82745098039216, 0.69019607843137, 0.51372549019608}
green = {0.0, 0.89411764705882, 0.18823529411765}
darkbrown = {0.29803921568627, 0.24705882352941, 0.1843137254902}
orange = {1.0, 0.63137254901961, 0.0}
lime = {0.0, 0.61960784313725, 0.1843137254902}
brown = {0.49803921568627, 0.4156862745098, 0.30980392156863}
blue = {0.0, 0.47450980392157, 0.94509803921569}
pink = {1.0, 0.42745098039216, 0.76078431372549}
white = {1.0, 1.0, 1.0}
